$ 1 0.000005 10.20027730826997 50 5 43 5e-11
165 48 80 352 80 7174 0.003318991808580393
w 48 80 -112 80 0
w -112 80 -112 288 0
g -112 288 -112 320 0 0
R 320 -112 320 -144 0 0 40 5 0 0 0.5
w 240 112 320 112 0
w 320 112 320 -112 0
w 80 304 80 176 0
r 176 176 304 176 0 1000
r 144 32 144 -16 0 1000
w 144 48 144 32 0
R 144 -112 144 -144 0 0 40 5 0 0 0.5
w 176 48 176 -80 0
c -16 192 -16 240 4 0.00001 3.3333319315978334 0.001 0
w -16 192 -16 112 0
w -16 112 48 112 0
g 112 304 112 320 0 0
c 112 176 112 288 4 0.00001 4.895109021986157 0.001 0
w -16 240 -16 304 0
174 480 192 448 240 1 1000 0.9950000000000001 Resistance
w 192 224 448 224 0
d 400 192 480 192 2 default
d 480 256 368 256 2 default
w 368 256 368 176 0
w 368 176 304 176 0
R 176 -80 176 -144 0 0 40 5 0 0 0.5
w 112 304 112 288 0
g -16 304 -16 320 0 0
R 368 -112 368 -144 0 0 40 5 0 0 0.5
w 368 176 368 -112 0
g 80 304 80 320 0 0
w 112 176 160 176 0
w 160 176 160 224 0
w 160 224 192 224 0
162 144 -112 144 -16 2 default-led 1 0 0 0.01
w 304 176 304 192 0
w 304 192 400 192 0
o 34 64 0 4099 5 0.00625 0 2 34 3
